"x"
-1.56685371927249
-1.16582578598116
-1.00350692066143
-0.955377748697777
-0.923475876851041
-0.913045261293339
-0.902970901833126
-0.888731831864399
-0.868524540313475
-0.847841983300894
-0.817423407627254
-0.807553686395388
-0.793394482328749
-0.792019319581763
-0.775801220410102
-0.770689834725208
-0.744365279261974
-0.726141314090656
-0.71841512412057
-0.713248580557045
-0.690109997737689
-0.687391003905367
-0.679135050552468
-0.672814898624719
-0.640431745124503
-0.619881428581722
-0.617353193230467
-0.610694074958297
-0.608010175266994
-0.606678856403321
-0.591422497691546
-0.570886877545702
-0.562427755608382
-0.560486905026949
-0.558563157289494
-0.55617494777317
-0.552439057771247
-0.541267801142101
-0.509390527951872
-0.499673918855645
-0.496911321650168
-0.494234884508662
-0.476136428040885
-0.474563415869694
-0.473174242296835
-0.46816510700462
-0.465056052684508
-0.457301079690154
-0.456462324684489
-0.454058830347228
-0.44621846233784
-0.434312052312455
-0.429137379225759
-0.425950694690057
-0.421842560135444
-0.416973594223398
-0.415863009506127
-0.409774143217508
-0.405150769575591
-0.393821281165714
-0.393197129027328
-0.391424049538178
-0.385990494423406
-0.38113709111006
-0.367265810292344
-0.365702928734137
-0.36376084917493
-0.361666407282587
-0.361644078606249
-0.361604538697741
-0.359503728528258
-0.35090727509077
-0.348993516131265
-0.347070453033341
-0.344331106764396
-0.336217352059101
-0.336027503496823
-0.330033002250404
-0.328645846778896
-0.326361041668442
-0.316287899124145
-0.316195970600777
-0.315194039242937
-0.312739680933445
-0.305094332461967
-0.301292969960445
-0.300711617611555
-0.300484128561289
-0.299235768961731
-0.294142746708483
-0.292729437790454
-0.286748566189069
-0.286593475774278
-0.285085158774172
-0.279886744212961
-0.278149240791596
-0.27634098028684
-0.268355825173365
-0.266500595693423
-0.256110665991671
-0.255758576187826
-0.253687244271981
-0.252520028243138
-0.252321424868922
-0.247685341502462
-0.239067760129089
-0.238835704370648
-0.237009888916125
-0.23361636523671
-0.232878578921716
-0.226763260339061
-0.218767218837972
-0.217964520328544
-0.214029188998237
-0.209090843838722
-0.203139940528528
-0.201050858484718
-0.200276517795327
-0.199221340283313
-0.19532251342895
-0.194693440208089
-0.193384450711433
-0.191442062782256
-0.181698570553756
-0.178800877292526
-0.176294652273301
-0.175028088627524
-0.164157887960007
-0.157291357653408
-0.156699349264981
-0.156251696683427
-0.14692537547775
-0.1440854522305
-0.142219924306734
-0.141930522616169
-0.136960029025384
-0.135816565831335
-0.133581838098218
-0.133120290658941
-0.132592307394763
-0.131656671291041
-0.12721606542215
-0.126800976039185
-0.1218169141518
-0.118059651962752
-0.117757251185095
-0.11145694384995
-0.106265952382652
-0.105719437404595
-0.104312325853413
-0.0931624473348498
-0.0890103843294814
-0.0878413704226616
-0.080037175739573
-0.0755804442809184
-0.0742687586558844
-0.0711108432512914
-0.0647512475964469
-0.0646647469857994
-0.0618030706835556
-0.0607442404903
-0.0582757232434205
-0.0568429410301519
-0.0490112141063529
-0.0441317463281534
-0.0406569113759606
-0.0337129468085761
-0.0334790289808363
-0.0319454813129398
-0.0310484445159371
-0.0299395765830433
-0.0299000816382121
-0.0262776644765623
-0.0237474286268514
-0.023085129235951
-0.0189532848671672
-0.018742374904728
-0.0185638498073962
-0.0171099199991631
-0.0162690736790656
-0.0159930121680008
-0.00561864560158836
-0.00555395053146541
-0.00221573430787435
-0.000831108137061713
0.00417027871866455
0.00670455976113666
0.00787392246895906
