"x"
0.00787392246895906
0.0166725799338726
0.0206880605477609
0.0230000833283336
0.0275161318041464
0.0304747287016733
0.0305474269761366
0.0335334887223956
0.0353741287982959
0.0360178716272181
0.0367261028672207
0.0399733186965801
0.0406810465046949
0.0434254587739912
0.0454073105848844
0.0457571284215834
0.0488424382410327
0.0518410749314285
0.0522064558636084
0.0527189100605176
0.0536369201319847
0.0541608346939205
0.0662753691348504
0.082708769189481
0.0828258721987011
0.0843240012561158
0.085093395764982
0.0894979648494838
0.093704671274599
0.0947165274428303
0.0957935827665719
0.0969037331272399
0.0998767211404288
0.10202076632065
0.104380351225015
0.105465231266866
0.107561481190458
0.109246448830081
0.110025480263236
0.113986358953956
0.114041550365513
0.115129067661661
0.118126352312257
0.119637402495355
0.127144138360612
0.134357985999953
0.139436629931612
0.14008202937876
0.141978525586099
0.142118459729929
0.144006795014748
0.14532818693383
0.149072374715257
0.151306160559693
0.155770416420347
0.16239693619913
0.162891636648158
0.164778254180527
0.174694192043315
0.17858231274501
0.182965229776382
0.185678267374331
0.188316065599727
0.189849857483567
0.193692517500985
0.19667308960573
0.201317958342694
0.201445889640019
0.20274619566477
0.205309887699762
0.208537256249737
0.214604849617123
0.22448843298254
0.224555052184709
0.228110967451267
0.234007714302005
0.239609465080582
0.241072614799693
0.243099288224321
0.248571715218372
0.251905515269726
0.252172153456492
0.254427233096265
0.262759666726823
0.268193786886867
0.278127639570082
0.279014577951637
0.285064961205754
0.289261360698112
0.290760741942667
0.290925560417006
0.292421346092893
0.293851121295844
0.300626903897026
0.302155103160388
0.307699929451759
0.320139668902113
0.321920221501476
0.322556612068655
0.325412713782653
0.326609410191203
0.327671585476201
0.32942400834332
0.330925030850193
0.331229724090188
0.33291949535468
0.336456818788891
0.337663372275977
0.338449524164324
0.340937785362603
0.342061817922065
0.353603446073374
0.354301129808507
0.354875361125573
0.36185385664852
0.367353196383636
0.369224158370682
0.369960466912705
0.378206161521249
0.381195205104528
0.383146394728302
0.383506763512759
0.383723938206944
0.383939603679758
0.391107101966676
0.401272454196815
0.402068480212011
0.402347350489018
0.412397292988299
0.412817540013191
0.414541674762882
0.415460515443294
0.418797720512282
0.421184335389802
0.423303687041889
0.427762735089743
0.430408389730695
0.433938301163296
0.441320452191726
0.443687493393762
0.449769962349728
0.455182652776993
0.456705110939482
0.478948259620356
0.479728213158283
0.480483410905423
0.482204381774144
0.482837291167843
0.484102056854226
0.484568594593909
0.488047692845595
0.492641851485299
0.494096891535942
0.494204026789887
0.5073134434796
0.517481270740453
0.545444858076765
0.567974262121723
0.575422307209088
0.582028252414094
0.596301580605823
0.617024534282083
0.625534880588432
0.626911667320868
0.627522512922245
0.632593827430558
0.64377894331881
0.643934144496138
0.651591788725492
0.661163214053416
0.665634052713481
0.670282509111886
0.68125310822575
0.68533894258454
0.713098377364755
0.713904454689013
0.714277059512792
0.762303933382141
0.767124083201241
0.786331420327571
0.816284869718583
0.865083217007828
0.87677471005404
0.908983025057996
0.944312646635749
0.959318593634642
1.07036854559475
1.24768167796131
